Trading Summary:
total_profit: 622405.6899999992
total_trades: 1778
winning_trades: 927
hit_ratio: 0.5213723284589427
average_profit_percent: 0.0018525247877624257
yearly_gain: 96384.41953754763
